   0.09000   0.287213874498019E-11
   0.09010   0.343963922011854E-11
   0.09020   0.411576908860989E-11
   0.09030   0.492063012766286E-11
   0.09040   0.587791132389762E-11
   0.09050   0.701550439183522E-11
   0.09060   0.836622048442489E-11
   0.09070   0.996862396515861E-11
   0.09080   0.118680014721727E-10
   0.09090   0.141174871963059E-10
   0.09100   0.167793683605346E-10
   0.09110   0.199265983759412E-10
   0.09120   0.236445491134258E-10
   0.09130   0.280330382312288E-10
   0.09140   0.332086726033993E-10
   0.09150   0.393075546787801E-10
   0.09160   0.464884051475717E-10
   0.09170   0.549361626960723E-10
   0.09180   0.648661299931012E-10
   0.09190   0.765287444884053E-10
   0.09200   0.902150632410040E-10
   0.09210   0.106263062974279E-09
   0.09220   0.125064870029724E-09
   0.09230   0.147075050034104E-09
   0.09240   0.172820104093441E-09
   0.09250   0.202909337390201E-09
   0.09260   0.238047287414666E-09
   0.09270   0.279047922959165E-09
   0.09280   0.326850851718840E-09
   0.09290   0.382539804175815E-09
   0.09300   0.447363694724472E-09
   0.09310   0.522760598082284E-09
   0.09320   0.610385020315916E-09
   0.09330   0.712138889721902E-09
   0.09340   0.830206743799233E-09
   0.09350   0.967095645141212E-09
   0.09360   0.112568042180150E-08
   0.09370   0.130925489714608E-08
   0.09380   0.152158985102797E-08
   0.09390   0.176699853900281E-08
   0.09400   0.205041068998844E-08
   0.09410   0.237745600605443E-08
   0.09420   0.275455830177308E-08
   0.09430   0.318904154568871E-08
   0.09440   0.368924920395818E-08
   0.09450   0.426467843713345E-08
   0.09460   0.492613086652428E-08
   0.09470   0.568588180779780E-08
   0.09480   0.655787006770667E-08
   0.09490   0.755791061645774E-08
   0.09500   0.870393268465340E-08
   0.09510   0.100162460914886E-07
   0.09520   0.115178388915535E-07
   0.09530   0.132347097328649E-07
   0.09540   0.151962386503924E-07
   0.09550   0.174356003792048E-07
   0.09560   0.199902246613805E-07
   0.09570   0.229023084430153E-07
   0.09580   0.262193853141107E-07
   0.09590   0.299949580370432E-07
   0.09600   0.342892005408931E-07
   0.09610   0.391697363315324E-07
   0.09620   0.447125008833664E-07
   0.09630   0.510026962404443E-07
   0.09640   0.581358467648190E-07
   0.09650   0.662189657310001E-07
   0.09660   0.753718432797291E-07
   0.09670   0.857284671146322E-07
   0.09680   0.974385882541320E-07
   0.09690   0.110669445140958E-06
   0.09700   0.125607660465055E-06
   0.09710   0.142461326175243E-06
   0.09720   0.161462293343023E-06
   0.09730   0.182868684800497E-06
   0.09740   0.206967649806172E-06
   0.09750   0.234078381398691E-06
   0.09760   0.264555418581983E-06
   0.09770   0.298792257046735E-06
   0.09780   0.337225293774466E-06
   0.09790   0.380338132592593E-06
   0.09800   0.428666279552448E-06
   0.09810   0.482802258887836E-06
   0.09820   0.543401182279189E-06
   0.09830   0.611186806197247E-06
   0.09840   0.686958114229717E-06
   0.09850   0.771596463502566E-06
   0.09860   0.866073336592743E-06
   0.09870   0.971458742688176E-06
   0.09880   0.108893031418081E-05
   0.09890   0.121978314737406E-05
   0.09900   0.136544043854315E-05
   0.09910   0.152746496919970E-05
   0.09920   0.170757149707173E-05
   0.09930   0.190764011201256E-05
   0.09940   0.212973061878428E-05
   0.09950   0.237609801141650E-05
   0.09960   0.264920910660584E-05
   0.09970   0.295176040638580E-05
   0.09980   0.328669726304386E-05
   0.09990   0.365723442198186E-05
   0.10000   0.406687802088665E-05
   0.10010   0.451944912618700E-05
   0.10020   0.501910889029804E-05
   0.10030   0.557038541557831E-05
   0.10040   0.617820241322223E-05
   0.10050   0.684790974746309E-05
   0.10060   0.758531595743974E-05
   0.10070   0.839672285086425E-05
   0.10080   0.928896226518115E-05
   0.10090   0.102694350932145E-04
   0.10100   0.113461526713184E-04
   0.10110   0.125277806287478E-04
   0.10120   0.138236852973298E-04
   0.10130   0.152439827804882E-04
   0.10140   0.167995907802371E-04
   0.10150   0.185022832798740E-04
   0.10160   0.203647481787211E-04
   0.10170   0.224006479733754E-04
   0.10180   0.246246835774589E-04
   0.10190   0.270526613688093E-04
   0.10200   0.297015635493610E-04
   0.10210   0.325896218985857E-04
   0.10220   0.357363949963097E-04
   0.10230   0.391628489848713E-04
   0.10240   0.428914419339946E-04
   0.10250   0.469462118643214E-04
   0.10260   0.513528684772585E-04
   0.10270   0.561388886296451E-04
   0.10280   0.613336155816614E-04
   0.10290   0.669683620353767E-04
   0.10300   0.730765169693669E-04
   0.10310   0.796936562618223E-04
   0.10320   0.868576570806290E-04
   0.10330   0.946088160038602E-04
   0.10340   0.102989970818098E-03
   0.10350   0.112046625924922E-03
   0.10360   0.121827081267742E-03
   0.10370   0.132382564672059E-03
   0.10380   0.143767367471956E-03
   0.10390   0.156038983274467E-03
   0.10400   0.169258249691213E-03
   0.10410   0.183489492843548E-03
   0.10420   0.198800674423310E-03
   0.10430   0.215263541066239E-03
   0.10440   0.232953775769308E-03
   0.10450   0.251951151056447E-03
   0.10460   0.272339683569866E-03
   0.10470   0.294207789736038E-03
   0.10480   0.317648442126761E-03
   0.10490   0.342759326106665E-03
   0.10500   0.369642996328863E-03
   0.10510   0.398407032610768E-03
   0.10520   0.429164194691917E-03
   0.10530   0.462032575345747E-03
   0.10540   0.497135751287003E-03
   0.10550   0.534602931286900E-03
   0.10560   0.574569100878516E-03
   0.10570   0.617175163005879E-03
   0.10580   0.662568073942049E-03
   0.10590   0.710900973773673E-03
   0.10600   0.762333310723250E-03
   0.10610   0.817030958554728E-03
   0.10620   0.875166326284036E-03
   0.10630   0.936918459393680E-03
   0.10640   0.100247313172955E-02
   0.10650   0.107202292723925E-02
   0.10660   0.114576731069448E-02
   0.10670   0.122391268652491E-02
   0.10680   0.130667244487981E-02
   0.10690   0.139426699402298E-02
   0.10700   0.148692377816119E-02
   0.10710   0.158487727980168E-02
   0.10720   0.168836900573460E-02
   0.10730   0.179764745573897E-02
   0.10740   0.191296807311708E-02
   0.10750   0.203459317617328E-02
   0.10760   0.216279186976621E-02
   0.10770   0.229783993608248E-02
   0.10780   0.244001970380175E-02
   0.10790   0.258961989484945E-02
   0.10800   0.274693544796483E-02
   0.10810   0.291226731834644E-02
   0.10820   0.308592225267812E-02
   0.10830   0.326821253888140E-02
   0.10840   0.345945572999051E-02
   0.10850   0.365997434159902E-02
   0.10860   0.387009552238502E-02
   0.10870   0.409015069728525E-02
   0.10880   0.432047518295478E-02
   0.10890   0.456140777522081E-02
   0.10900   0.481329030831560E-02
   0.10910   0.507646718575280E-02
   0.10920   0.535128488279600E-02
   0.10930   0.563809142055693E-02
   0.10940   0.593723581185118E-02
   0.10950   0.624906747903635E-02
   0.10960   0.657393564415429E-02
   0.10970   0.691218869180192E-02
   0.10980   0.726417350525824E-02
   0.10990   0.763023477650183E-02
   0.11000   0.801071429086208E-02
   0.11010   0.840595018715715E-02
   0.11020   0.881627619428212E-02
   0.11030   0.924202084532547E-02
   0.11040   0.968350667040110E-02
   0.11050   0.101410493694992E-01
   0.11060   0.106149569667699E-01
   0.11070   0.111055289477636E-01
   0.11080   0.116130553812650E-01
   0.11090   0.121378160274633E-01
   0.11100   0.126800794343066E-01
   0.11110   0.132401020239937E-01
   0.11120   0.138181271716527E-01
   0.11130   0.144143842783536E-01
   0.11140   0.150290878406930E-01
   0.11150   0.156624365192727E-01
   0.11160   0.163146122084797E-01
   0.11170   0.169857791100434E-01
   0.11180   0.176760828129221E-01
   0.11190   0.183856493821256E-01
   0.11200   0.191145844591402E-01
   0.11210   0.198629723766680E-01
   0.11220   0.206308752904283E-01
   0.11230   0.214183323308061E-01
   0.11240   0.222253587771470E-01
   0.11250   0.230519452575154E-01
   0.11260   0.238980569767346E-01
   0.11270   0.247636329755202E-01
   0.11280   0.256485854235035E-01
   0.11290   0.265527989489153E-01
   0.11300   0.274761300076615E-01
   0.11310   0.284184062944799E-01
   0.11320   0.293794261988054E-01
   0.11330   0.303589583079085E-01
   0.11340   0.313567409597904E-01
   0.11350   0.323724818482318E-01
   0.11360   0.334058576822964E-01
   0.11370   0.344565139024770E-01
   0.11380   0.355240644555602E-01
   0.11390   0.366080916301556E-01
   0.11400   0.377081459546990E-01
   0.11410   0.388237461595946E-01
   0.11420   0.399543792050061E-01
   0.11430   0.410995003756496E-01
   0.11440   0.422585334437632E-01
   0.11450   0.434308709012616E-01
   0.11460   0.446158742618952E-01
   0.11470   0.458128744340434E-01
   0.11480   0.470211721645843E-01
   0.11490   0.482400385540769E-01
   0.11500   0.494687156432929E-01
   0.11510   0.507064170709305E-01
   0.11520   0.519523288021276E-01
   0.11530   0.532056099271907E-01
   0.11540   0.544653935297360E-01
   0.11550   0.557307876232298E-01
   0.11560   0.570008761547095E-01
   0.11570   0.582747200742438E-01
   0.11580   0.595513584684979E-01
   0.11590   0.608298097565530E-01
   0.11600   0.621090729459290E-01
   0.11610   0.633881289465722E-01
   0.11620   0.646659419403616E-01
   0.11630   0.659414608035163E-01
   0.11640   0.672136205790977E-01
   0.11650   0.684813439966316E-01
   0.11660   0.697435430357123E-01
   0.11670   0.709991205302922E-01
   0.11680   0.722469718102185E-01
   0.11690   0.734859863764398E-01
   0.11700   0.747150496061792E-01
   0.11710   0.759330444842612E-01
   0.11720   0.771388533566701E-01
   0.11730   0.783313597023308E-01
   0.11740   0.795094499190232E-01
   0.11750   0.806720151192742E-01
   0.11760   0.818179529320194E-01
   0.11770   0.829461693057875E-01
   0.11780   0.840555803091291E-01
   0.11790   0.851451139240055E-01
   0.11800   0.862137118278454E-01
   0.11810   0.872603311599994E-01
   0.11820   0.882839462683419E-01
   0.11830   0.892835504318181E-01
   0.11840   0.902581575547810E-01
   0.11850   0.912068038290363E-01
   0.11860   0.921285493595902E-01
   0.11870   0.930224797501890E-01
   0.11880   0.938877076448435E-01
   0.11890   0.947233742216499E-01
   0.11900   0.955286506353441E-01
   0.11910   0.963027394051699E-01
   0.11920   0.970448757447866E-01
   0.11930   0.977543288311056E-01
   0.11940   0.984304030091112E-01
   0.11950   0.990724389298985E-01
   0.11960   0.996798146193506E-01
   0.11970   0.100251946475065E+00
   0.11980   0.100788290189343E+00
   0.11990   0.101288341596256E+00
   0.12000   0.101751637441025E+00
   0.12010   0.102177756070143E+00
   0.12020   0.102566318040916E+00
   0.12030   0.102916986649292E+00
   0.12040   0.103229468375104E+00
   0.12050   0.103503513244030E+00
   0.12060   0.103738915105851E+00
   0.12070   0.103935511828787E+00
   0.12080   0.104093185409891E+00
   0.12090   0.104211862001769E+00
   0.12100   0.104291511856036E+00
   0.12110   0.104332149184195E+00
   0.12120   0.104333831936809E+00
   0.12130   0.104296661502041E+00
   0.12140   0.104220782324867E+00
   0.12150   0.104106381448427E+00
   0.12160   0.103953687979196E+00
   0.12170   0.103762972477826E+00
   0.12180   0.103534546277701E+00
   0.12190   0.103268760733386E+00
   0.12200   0.102966006401342E+00
   0.12210   0.102626712155407E+00
   0.12220   0.102251344239693E+00
   0.12230   0.101840405261668E+00
   0.12240   0.101394433128339E+00
   0.12250   0.100913999928524E+00
   0.12260   0.100399710764341E+00
   0.12270   0.998522025350922E-01
   0.12280   0.992721426768411E-01
   0.12290   0.986602278610109E-01
   0.12300   0.980171826554131E-01
   0.12310   0.973437581511522E-01
   0.12320   0.966407305588876E-01
   0.12330   0.959088997779641E-01
   0.12340   0.951490879419249E-01
   0.12350   0.943621379439393E-01
   0.12360   0.935489119456550E-01
   0.12370   0.927102898729787E-01
   0.12380   0.918471679022591E-01
   0.12390   0.909604569403040E-01
   0.12400   0.900510811016272E-01
   0.12410   0.891199761862584E-01
   0.12420   0.881680881613882E-01
   0.12430   0.871963716500528E-01
   0.12440   0.862057884299772E-01
   0.12450   0.851973059456135E-01
   0.12460   0.841718958363183E-01
   0.12470   0.831305324835082E-01
   0.12480   0.820741915795346E-01
   0.12490   0.810038487208992E-01
   0.12500   0.799204780283205E-01
   0.12510   0.788250507960430E-01
   0.12520   0.777185341726456E-01
   0.12530   0.766018898754921E-01
   0.12540   0.754760729408242E-01
   0.12550   0.743420305113643E-01
   0.12560   0.732007006631696E-01
   0.12570   0.720530112733259E-01
   0.12580   0.708998789299460E-01
   0.12590   0.697422078857897E-01
   0.12600   0.685808890566806E-01
   0.12610   0.674167990657710E-01
   0.12620   0.662507993345454E-01
   0.12630   0.650837352213369E-01
   0.12640   0.639164352079839E-01
   0.12650   0.627497101351191E-01
   0.12660   0.615843524864650E-01
   0.12670   0.604211357223602E-01
   0.12680   0.592608136626369E-01
   0.12690   0.581041199188330E-01
   0.12700   0.569517673756057E-01
   0.12710   0.558044477211061E-01
   0.12720   0.546628310259495E-01
   0.12730   0.535275653703255E-01
   0.12740   0.523992765186751E-01
   0.12750   0.512785676412718E-01
   0.12760   0.501660190819526E-01
   0.12770   0.490621881711482E-01
   0.12780   0.479676090832892E-01
   0.12790   0.468827927375813E-01
   0.12800   0.458082267410668E-01
   0.12810   0.447443753728339E-01
   0.12820   0.436916796081589E-01
   0.12830   0.426505571813222E-01
   0.12840   0.416214026857804E-01
   0.12850   0.406045877103292E-01
   0.12860   0.396004610098613E-01
   0.12870   0.386093487092732E-01
   0.12880   0.376315545390566E-01
   0.12890   0.366673601010793E-01
   0.12900   0.357170251630351E-01
   0.12910   0.347807879800386E-01
   0.12920   0.338588656418157E-01
   0.12930   0.329514544439442E-01
   0.12940   0.320587302815924E-01
   0.12950   0.311808490642024E-01
   0.12960   0.303179471495800E-01
   0.12970   0.294701417958508E-01
   0.12980   0.286375316297669E-01
   0.12990   0.278201971298597E-01
   0.13000   0.270182011229522E-01
   0.13010   0.262315892925782E-01
   0.13020   0.254603906978681E-01
   0.13030   0.247046183015039E-01
   0.13040   0.239642695053698E-01
   0.13050   0.232393266925576E-01
   0.13060   0.225297577744328E-01
   0.13070   0.218355167414921E-01
   0.13080   0.211565442167946E-01
   0.13090   0.204927680107847E-01
   0.13100   0.198441036763671E-01
   0.13110   0.192104550631460E-01
   0.13120   0.185917148697743E-01
   0.13130   0.179877651934178E-01
   0.13140   0.173984780753760E-01
   0.13150   0.168237160419533E-01
   0.13160   0.162633326397242E-01
   0.13170   0.157171729643764E-01
   0.13180   0.151850741823748E-01
   0.13190   0.146668660447270E-01
   0.13200   0.141623713921853E-01
   0.13210   0.136714066512658E-01
   0.13220   0.131937823205096E-01
   0.13230   0.127293034464628E-01
   0.13240   0.122777700888928E-01
   0.13250   0.118389777748050E-01
   0.13260   0.114127179408692E-01
   0.13270   0.109987783639058E-01
   0.13280   0.105969435791253E-01
   0.13290   0.102069952858567E-01
   0.13300   0.982871274053394E-02
   0.13310   0.946187313675905E-02
   0.13320   0.910625197228467E-02
   0.13330   0.876162340280512E-02
   0.13340   0.842776058247396E-02
   0.13350   0.810443599109911E-02
   0.13360   0.779142174800214E-02
   0.13370   0.748848991255209E-02
   0.13380   0.719541277141942E-02
   0.13390   0.691196311261813E-02
   0.13400   0.663791448643085E-02
   0.13410   0.637304145333817E-02
   0.13420   0.611711981909203E-02
   0.13430   0.586992685709857E-02
   0.13440   0.563124151829230E-02
   0.13450   0.540084462870314E-02
   0.13460   0.517851907493546E-02
   0.13470   0.496404997779193E-02
   0.13480   0.475722485429144E-02
   0.13490   0.455783376834093E-02
   0.13500   0.436566947033469E-02
   0.13510   0.418052752596286E-02
   0.13520   0.400220643452168E-02
   0.13530   0.383050773702522E-02
   0.13540   0.366523611442458E-02
   0.13550   0.350619947624740E-02
   0.13560   0.335320903997360E-02
   0.13570   0.320607940146788E-02
   0.13580   0.306462859679237E-02
   0.13590   0.292867815572307E-02
   0.13600   0.279805314729606E-02
   0.13610   0.267258221770826E-02
   0.13620   0.255209762089741E-02
   0.13630   0.243643524212413E-02
   0.13640   0.232543461487653E-02
   0.13650   0.221893893141508E-02
   0.13660   0.211679504727156E-02
   0.13670   0.201885348001267E-02
   0.13680   0.192496840257293E-02
   0.13690   0.183499763145775E-02
   0.13700   0.174880261011120E-02
   0.13710   0.166624838773689E-02
   0.13720   0.158720359385516E-02
   0.13730   0.151154040887166E-02
   0.13740   0.143913453092682E-02
   0.13750   0.136986513928774E-02
   0.13760   0.130361485453673E-02
   0.13770   0.124026969580372E-02
   0.13780   0.117971903528124E-02
   0.13790   0.112185555025335E-02
   0.13800   0.106657517286208E-02
   0.13810   0.101377703782602E-02
   0.13820   0.963363428319154E-03
   0.13830   0.915239720208284E-03
   0.13840   0.869314324840697E-03
   0.13850   0.825498630564895E-03
   0.13860   0.783706943159286E-03
   0.13870   0.743856425336291E-03
   0.13880   0.705867035480662E-03
   0.13890   0.669661465773842E-03
   0.13900   0.635165079847986E-03
   0.13910   0.602305850105876E-03
   0.13920   0.571014294835815E-03
   0.13930   0.541223415242885E-03
   0.13940   0.512868632511282E-03
   0.13950   0.485887725005310E-03
   0.13960   0.460220765709776E-03
   0.13970   0.435810060004291E-03
   0.13980   0.412600083859126E-03
   0.13990   0.390537422534576E-03
   0.14000   0.369570709859391E-03
   0.14010   0.349650568158191E-03
   0.14020   0.330729548892299E-03
   0.14030   0.312762074072732E-03
   0.14040   0.295704378499237E-03
   0.14050   0.279514452874017E-03
   0.14060   0.264151987834095E-03
   0.14070   0.249578318941758E-03
   0.14080   0.235756372667973E-03
   0.14090   0.222650613399680E-03
   0.14100   0.210226991497744E-03
   0.14110   0.198452892428577E-03
   0.14120   0.187297086988969E-03
   0.14130   0.176729682640062E-03
   0.14140   0.166722075963367E-03
   0.14150   0.157246906248567E-03
   0.14160   0.148278010219997E-03
   0.14170   0.139790377906076E-03
   0.14180   0.131760109653322E-03
   0.14190   0.124164374284328E-03
   0.14200   0.116981368396816E-03
   0.14210   0.110190276798800E-03
   0.14220   0.103771234073107E-03
   0.14230   0.977052872625749E-04
   0.14240   0.919743596657750E-04
   0.14250   0.865612157315140E-04
   0.14260   0.814494270390325E-04
   0.14270   0.766233393496032E-04
   0.14280   0.720680407140342E-04
   0.14290   0.677693306196426E-04
   0.14300   0.637136901592938E-04
   0.14310   0.598882532043017E-04
   0.14320   0.562807785623044E-04
   0.14330   0.528796231005469E-04
   0.14340   0.496737158145186E-04
   0.14350   0.466525328214055E-04
   0.14360   0.438060732574300E-04
   0.14370   0.411248360578849E-04
   0.14380   0.385997975983692E-04
   0.14390   0.362223901756151E-04
   0.14400   0.339844813061387E-04
   0.14410   0.318783538208989E-04
   0.14420   0.298966867341567E-04
   0.14430   0.280325368647315E-04
   0.14440   0.262793211879772E-04
   0.14450   0.246307998968924E-04
   0.14460   0.230810601509572E-04
   0.14470   0.216245004914937E-04
   0.14480   0.202558159025611E-04
   0.14490   0.189699834966718E-04
   0.14500   0.177622488048917E-04
   0.14510   0.166281126511939E-04
   0.14520   0.155633185912800E-04
   0.14530   0.145638408964122E-04
   0.14540   0.136258730631815E-04
   0.14550   0.127458168305112E-04
   0.14560   0.119202716855820E-04
   0.14570   0.111460248407798E-04
   0.14580   0.104200416641683E-04
   0.14590   0.973945654641331E-05
   0.14600   0.910156418751177E-05
   0.14610   0.850381128709840E-05
   0.14620   0.794378862254934E-05
   0.14630   0.741922349951908E-05
   0.14640   0.692797255999531E-05
   0.14650   0.646801493337893E-05
   0.14660   0.603744571653462E-05
   0.14670   0.563446976918193E-05
   0.14680   0.525739581142584E-05
   0.14690   0.490463081064603E-05
   0.14700   0.457467464537982E-05
   0.14710   0.426611503424706E-05
   0.14720   0.397762271836877E-05
   0.14730   0.370794688613145E-05
   0.14740   0.345591082954073E-05
   0.14750   0.322040782179203E-05
   0.14760   0.300039720606369E-05
   0.14770   0.279490068590608E-05
   0.14780   0.260299880796213E-05
   0.14790   0.242382762810657E-05
   0.14800   0.225657555243480E-05
   0.14810   0.210048034486795E-05
   0.14820   0.195482629346603E-05
   0.14830   0.181894152786040E-05
   0.14840   0.169219548052243E-05
   0.14850   0.157399648488775E-05
   0.14860   0.146378950364391E-05
   0.14870   0.136105398077153E-05
   0.14880   0.126530181120293E-05
   0.14890   0.117607542222435E-05
   0.14900   0.109294596100500E-05
   0.14910   0.101551158288215E-05
   0.14920   0.943395835269292E-06
   0.14930   0.876246132285823E-06
   0.14940   0.813732315426609E-06
   0.14950   0.755545295805119E-06
   0.14960   0.701395773708586E-06
   0.14970   0.651013031401877E-06
   0.14980   0.604143795307880E-06
   0.14990   0.560551163874300E-06
   0.15000   0.520013597613629E-06
   0.15010   0.482323967971430E-06
   0.15020   0.447288661840047E-06
   0.15030   0.414726738690850E-06
   0.15040   0.384469137446324E-06
   0.15050   0.356357930356674E-06
   0.15060   0.330245621281878E-06
   0.15070   0.305994485910864E-06
   0.15080   0.283475951574856E-06
   0.15090   0.262570014431033E-06
   0.15100   0.243164691907292E-06
   0.15110   0.225155508407737E-06
   0.15120   0.208445012382679E-06
   0.15130   0.192942322966494E-06
   0.15140   0.178562704481110E-06
   0.15150   0.165227167193567E-06
   0.15160   0.152862092801901E-06
   0.15170   0.141398883205653E-06
   0.15180   0.130773631195440E-06
   0.15190   0.120926811770045E-06
   0.15200   0.111802992860333E-06
   0.15210   0.103350564306313E-06
   0.15220   0.955214839974692E-07
   0.15230   0.882710401472080E-07
   0.15240   0.815576287296761E-07
   0.15250   0.753425451619790E-07
   0.15260   0.695897893665697E-07
   0.15270   0.642658833977802E-07
   0.15280   0.593397008630997E-07
   0.15290   0.547823074139185E-07
   0.15300   0.505668116223770E-07
   0.15310   0.466682256005424E-07
   0.15320   0.430633347556482E-07
   0.15330   0.397305761106892E-07
   0.15340   0.366499246531679E-07
   0.15350   0.338027872066179E-07
   0.15360   0.311719033495063E-07
   0.15370   0.287412529344887E-07
   0.15380   0.264959697878137E-07
   0.15390   0.244222611939342E-07
   0.15400   0.225073327943110E-07
   0.15410   0.207393185519055E-07
   0.15420   0.191072154541281E-07
   0.15430   0.176008226470733E-07
   0.15440   0.162106847127541E-07
   0.15450   0.149280388188815E-07
   0.15460   0.137447654875047E-07
   0.15470   0.126533427446453E-07
   0.15480   0.116468034279270E-07
   0.15490   0.107186954432223E-07
   0.15500   0.986304477451130E-08
   0.15510   0.907432106354222E-08
   0.15520   0.834740558754568E-08
   0.15530   0.767756147420879E-08
   0.15540   0.706040600341597E-08
   0.15550   0.649188485493983E-08
   0.15560   0.596824817034813E-08
   0.15570   0.548602830593005E-08
   0.15580   0.504201916144927E-08
   0.15590   0.463325697705071E-08
   0.15600   0.425700249769553E-08
   0.15610   0.391072441111144E-08
   0.15620   0.359208397144599E-08
   0.15630   0.329892072661928E-08
   0.15640   0.302923927281929E-08
   0.15650   0.278119696468374E-08
   0.15660   0.255309251448843E-08
   0.15670   0.234335541813634E-08
   0.15680   0.215053614992661E-08
   0.15690   0.197329707200251E-08
   0.15700   0.181040400804113E-08
   0.15710   0.166071843417567E-08
   0.15720   0.152319024334720E-08
   0.15730   0.139685104227802E-08
   0.15740   0.128080794305956E-08
   0.15750   0.117423781396364E-08
   0.15760   0.107638195652938E-08
   0.15770   0.986541178259969E-09
   0.15780   0.904071232393867E-09
   0.15790   0.828378598203330E-09
   0.15800   0.758916577128568E-09
   0.15810   0.695181681786244E-09
   0.15820   0.636710296505794E-09
   0.15830   0.583075589551552E-09
   0.15840   0.533884658592245E-09
   0.15850   0.488775892286763E-09
   0.15860   0.447416532073374E-09
   0.15870   0.409500419384609E-09
   0.15880   0.374745914566804E-09
   0.15890   0.342893974767378E-09
   0.15900   0.313706378969110E-09
   0.15910   0.286964089202715E-09
   0.15920   0.262465737762624E-09
   0.15930   0.240026230988252E-09
   0.15940   0.219475460859425E-09
   0.15950   0.200657116292413E-09
   0.15960   0.183427586616000E-09
   0.15970   0.167654950258200E-09
   0.15980   0.153218042186106E-09
   0.15990   0.140005594117144E-09
   0.16000   0.127915441961647E-09
   0.16010   0.116853795366819E-09
   0.16020   0.106734564612941E-09
   0.16030   0.974787404659680E-10
   0.16040   0.890138229186441E-10
   0.16050   0.812732950563657E-10
   0.16060   0.741961385661862E-10
   0.16070   0.677263876689596E-10
   0.16080   0.618127184971356E-10
   0.16090   0.564080711655723E-10
   0.16100   0.514693019910211E-10
   0.16110   0.469568635089845E-10
   0.16120   0.428345101154107E-10
   0.16130   0.390690273263102E-10
   0.16140   0.356299828016627E-10
   0.16150   0.324894974219505E-10
   0.16160   0.296220348369802E-10
   0.16170   0.270042080282396E-10
   0.16180   0.246146015384827E-10
   0.16190   0.224336081262619E-10
   0.16200   0.204432786993346E-10
   0.16210   0.186271844697956E-10
   0.16220   0.169702903560356E-10
   0.16230   0.154588387325942E-10
   0.16240   0.140802426992169E-10
   0.16250   0.128229881052920E-10
   0.16260   0.116765436257651E-10
   0.16270   0.106312782399772E-10
   0.16280   0.967838551595904E-11
   0.16290   0.880981414989732E-11
   0.16300   0.801820425401196E-11
   0.16310   0.729682892627016E-11
   0.16320   0.663954067242119E-11
   0.16330   0.604072228502940E-11
   0.16340   0.549524181572182E-11
   0.16350   0.499841130593322E-11
   0.16360   0.454594896824887E-11
   0.16370   0.413394453514675E-11
   0.16380   0.375882751471358E-11
   0.16390   0.341733811389327E-11
   0.16400   0.310650060915067E-11
   0.16410   0.282359896224050E-11
   0.16420   0.256615449516340E-11
   0.16430   0.233190545348657E-11
   0.16440   0.211878830110518E-11
   0.16450   0.192492060230579E-11
   0.16460   0.174858535876766E-11
   0.16470   0.158821667996325E-11
   0.16480   0.144238667538192E-11
   0.16490   0.130979346616374E-11
   0.16500   0.118925022215353E-11
   0.16510   0.107967513813348E-11
   0.16520   0.980082270112422E-12
   0.16530   0.889573159094443E-12
   0.16540   0.807329175764603E-12
   0.16550   0.732604525053947E-12
   0.16560   0.664719854623241E-12
   0.16570   0.603056415965968E-12
   0.16580   0.547050731112919E-12
   0.16590   0.496189721851204E-12
   0.16600   0.450006261979236E-12
   0.16610   0.408075116431058E-12
   0.16620   0.370009234142671E-12
   0.16630   0.335456364321871E-12
   0.16640   0.304095968341269E-12
   0.16650   0.275636401820738E-12
   0.16660   0.249812343617549E-12
   0.16670   0.226382450415441E-12
   0.16680   0.205127217412978E-12
   0.16690   0.185847027269564E-12
   0.16700   0.168360370987146E-12
   0.16710   0.152502225798140E-12
   0.16720   0.138122576405755E-12
   0.16730   0.125085067091654E-12
   0.16740   0.113265773276055E-12
   0.16750   0.102552082095664E-12
   0.16760   0.928416724621613E-13
   0.16770   0.840415858854454E-13
   0.16780   0.760673800979034E-13
   0.16790   0.688423582039929E-13
   0.16800   0.622968667091876E-13
   0.16810   0.563676563583679E-13
   0.16820   0.509973002406782E-13
   0.16830   0.461336640998210E-13
   0.16840   0.417294242294636E-13
   0.16850   0.377416287363818E-13
   0.16860   0.341312983223298E-13
   0.16870   0.308630630722981E-13
   0.16880   0.279048320445386E-13
   0.16890   0.252274927388830E-13
   0.16900   0.228046377767656E-13
   0.16910   0.206123163610086E-13
   0.16920   0.186288082977258E-13
   0.16930   0.168344185584367E-13
   0.16940   0.152112905391603E-13
   0.16950   0.137432363364147E-13
   0.16960   0.124155825089586E-13
   0.16970   0.112150299300140E-13
   0.16980   0.101295264587438E-13
   0.16990   0.914815127290515E-14
   0.17000   0.826100980783486E-14
   0.17010   0.745913834108775E-14
   0.17020   0.673441734791167E-14
   0.17030   0.607949283106291E-14
   0.17040   0.548770489985061E-14
   0.17050   0.495302293839152E-14
   0.17060   0.446998676237783E-14
   0.17070   0.403365321772517E-14
   0.17080   0.363954772373699E-14
   0.17090   0.328362030830340E-14
   0.17100   0.296220572354700E-14
   0.17110   0.267198726756962E-14
   0.17120   0.240996397187406E-14
   0.17130   0.217342084492142E-14
   0.17140   0.195990189040539E-14
   0.17150   0.176718564442493E-14
   0.17160   0.159326299903865E-14
   0.17170   0.143631710088915E-14
   0.17180   0.129470513288429E-14
   0.17190   0.116694180447857E-14
   0.17200   0.105168439207075E-14
   0.17210   0.947719185562555E-15
   0.17220   0.853949210335625E-15
   0.17230   0.769383105920463E-15
   0.17240   0.693125053555581E-15
   0.17250   0.624365654767200E-15
   0.17260   0.562373672128437E-15
   0.17270   0.506488551561710E-15
   0.17280   0.456113653005611E-15
   0.17290   0.410710123042384E-15
   0.17300   0.369791349238282E-15
   0.17310   0.332917941540715E-15
   0.17320   0.299693191154860E-15
   0.17330   0.269758961935278E-15
   0.17340   0.242791973516065E-15
   0.17350   0.218500439206165E-15
   0.17360   0.196621025128499E-15
   0.17370   0.176916100215166E-15
   0.17380   0.159171249514963E-15
   0.17390   0.143193025850273E-15
   0.17400   0.128806917202126E-15
   0.17410   0.115855509326761E-15
   0.17420   0.104196825034160E-15
   0.17430   0.937028233070949E-16
   0.17440   0.842580430244186E-16
   0.17450   0.757583774899735E-16
   0.17460   0.681099672716537E-16
   0.17470   0.612282000369198E-16
   0.17480   0.550368071419882E-16
   0.17490   0.494670477026904E-16
   0.17500   0.444569717547522E-16
   0.17510   0.399507549082949E-16
   0.17520   0.358980976236489E-16
   0.17530   0.322536828897805E-16
   0.17540   0.289766866792556E-16
   0.17550   0.260303360904292E-16
   0.17560   0.233815105735506E-16
   0.17570   0.210003820776279E-16
   0.17580   0.188600903533235E-16
   0.17590   0.169364500078587E-16
   0.17600   0.152076862344207E-16
   0.17610   0.136541964340236E-16
   0.17620   0.122583352152062E-16
   0.17630   0.110042204988821E-16
   0.17640   0.987755867456317E-17
   0.17650   0.886548695221213E-17
   0.17660   0.795643123307520E-17
   0.17670   0.713997798486288E-17
   0.17680   0.640675875312173E-17
   0.17690   0.574834607311039E-17
   0.17700   0.515715966625096E-17
   0.17710   0.462638191348140E-17
   0.17720   0.414988169570080E-17
   0.17730   0.372214577993407E-17
   0.17740   0.333821700977498E-17
   0.17750   0.299363863088056E-17
   0.17760   0.268440414754513E-17
   0.17770   0.240691216532640E-17
   0.17780   0.215792572794186E-17
   0.17790   0.193453570474653E-17
   0.17800   0.173412782853196E-17
   0.17810   0.155435302260601E-17
   0.17820   0.139310069152142E-17
   0.17830   0.124847468178835E-17
   0.17840   0.111877164776370E-17
   0.17850   0.100246158395531E-17
   0.17860   0.898170308486701E-18
   0.17870   0.804663703680020E-18
   0.17880   0.720833538854867E-18
   0.17890   0.645684717709548E-18
   0.17900   0.578323808228930E-18
   0.17910   0.517948727115103E-18
   0.17920   0.463839463410438E-18
   0.17930   0.415349737411758E-18
   0.17940   0.371899501280705E-18
   0.17950   0.332968197047600E-18
   0.17960   0.298088696083602E-18
   0.17970   0.266841851667917E-18
   0.17980   0.238851603083369E-18
   0.17990   0.213780575808768E-18
   0.18000   0.191326127904565E-18
   0.18010   0.171216797670073E-18
   0.18020   0.153209112138681E-18
   0.18030   0.137084720020799E-18
   0.18040   0.122647816346710E-18
   0.18050   0.109722829341984E-18
   0.18060   0.981523430227199E-19
   0.18070   0.877952316585845E-19
   0.18080   0.785249846472295E-19
   0.18090   0.702282025007055E-19
   0.18100   0.628032465862726E-19
   0.18110   0.561590270119535E-19
   0.18120   0.502139146204345E-19
   0.18130   0.448947644708119E-19
   0.18140   0.401360394618528E-19
   0.18150   0.358790238969143E-19
   0.18160   0.320711178222055E-19
   0.18170   0.286652038980273E-19
   0.18180   0.256190793973773E-19
   0.18190   0.228949466771271E-19
   0.18200   0.204589561422237E-19
   0.18210   0.182807963306080E-19
   0.18220   0.163333262925701E-19
   0.18230   0.145922459291729E-19
   0.18240   0.130358003957395E-19
   0.18250   0.116445150731394E-19
   0.18260   0.104009579662130E-19
   0.18270   0.928952670919049E-20
   0.18280   0.829625764597734E-20
   0.18290   0.740865471200821E-20
   0.18300   0.661553607691357E-20
   0.18310   0.590689671617525E-20
   0.18320   0.527378526763222E-20
   0.18330   0.470819369728343E-20
   0.18340   0.420295845026056E-20
   0.18350   0.375167189882633E-20
   0.18360   0.334860302137677E-20
   0.18370   0.298862635607445E-20
   0.18380   0.266715837118883E-20
   0.18390   0.238010048260270E-20
   0.18400   0.212378802828163E-20
   0.18410   0.189494458071737E-20
   0.18420   0.169064104226973E-20
   0.18430   0.150825902568967E-20
   0.18440   0.134545807357666E-20
   0.18450   0.120014631670533E-20
   0.18460   0.107045421259061E-20
   0.18470   0.954711042831019E-21
   0.18480   0.851423881111772E-21
   0.18490   0.759258773656849E-21
   0.18500   0.677023900740354E-21
   0.18510   0.603654511921394E-21
   0.18520   0.538199449236021E-21
   0.18530   0.479809091918035E-21
   0.18540   0.427724573560139E-21
   0.18550   0.381268138169413E-21
   0.18560   0.339834515505054E-21
   0.18570   0.302883208573761E-21
   0.18580   0.269931597351435E-21
   0.18590   0.240548772829688E-21
   0.18600   0.214350024473588E-21
   0.18610   0.190991912230593E-21
   0.18620   0.170167861445322E-21
   0.18630   0.151604225498844E-21
   0.18640   0.135056766780884E-21
   0.18650   0.120307511789510E-21
   0.18660   0.107161940797746E-21
   0.18670   0.954464766859635E-22
   0.18680   0.850062412639766E-22
   0.18690   0.757030507417655E-22
   0.18700   0.674136249939198E-22
   0.18710   0.600279879362321E-22
   0.18720   0.534480387258116E-22
   0.18730   0.475862756382139E-22
   0.18740   0.423646563922153E-22
   0.18750   0.377135804086038E-22
   0.18760   0.335709800248565E-22
   0.18770   0.298815090613690E-22
   0.18780   0.265958183642547E-22
   0.18790   0.236699090494743E-22
   0.18800   0.210645551568972E-22
   0.18810   0.187447883030091E-22
   0.18820   0.166794377080980E-22
   0.18830   0.148407196778250E-22
   0.18840   0.132038712486646E-22
   0.18850   0.117468232697291E-22
   0.18860   0.104499086969108E-22
   0.18870   0.929560232538362E-23
   0.18880   0.826828858891052E-23
   0.18890   0.735405441411881E-23
   0.18900   0.654050443946359E-23
   0.18910   0.581659619599739E-23
   0.18920   0.517249310392603E-23
   0.18930   0.459943336848329E-23
   0.18940   0.408961306377312E-23
   0.18950   0.363608187651855E-23
   0.18960   0.323265014540797E-23
   0.18970   0.287380597802964E-23
   0.18980   0.255464135807567E-23
   0.18990   0.227078627223553E-23
   0.19000   0.201834999047071E-23
   0.19010   0.179386872648615E-23
   0.19020   0.159425898838060E-23
   0.19030   0.141677600372262E-23
   0.19040   0.125897666961067E-23
   0.19050   0.111868653748366E-23
   0.19060   0.993970395304706E-24
   0.19070   0.883106056930505E-24
   0.19080   0.784561010598523E-24
   0.19090   0.696971616061951E-24
   0.19100   0.619124573457569E-24
   0.19110   0.549940416938539E-24
   0.19120   0.488458812828002E-24
   0.19130   0.433825465895369E-24
   0.19140   0.385280458633776E-24
   0.19150   0.342147867400170E-24
   0.19160   0.303826516213955E-24
   0.19170   0.269781744117487E-24
   0.19180   0.239538075476535E-24
   0.19190   0.212672694617692E-24
   0.19200   0.188809636919070E-24
   0.19210   0.167614618029726E-24
   0.19220   0.148790431417804E-24
   0.19230   0.132072852048309E-24
   0.19240   0.117226990768296E-24
   0.19250   0.104044050019588E-24
   0.19260   0.923384368852034E-25
   0.19270   0.819451942774062E-25
   0.19280   0.727177153549988E-25
   0.19290   0.645257100720982E-25
   0.19300   0.572533961603541E-25
   0.19310   0.507978898761790E-25
   0.19320   0.450677745444126E-25
   0.19330   0.399818273354138E-25
   0.19340   0.354678868559345E-25
   0.19350   0.314618460437318E-25
   0.19360   0.279067565569919E-25
   0.19370   0.247520323650661E-25
   0.19380   0.219527415968204E-25
   0.19390   0.194689769051514E-25
   0.19400   0.172652956769735E-25
   0.19410   0.153102223715342E-25
   0.19420   0.135758061190709E-25
   0.19430   0.120372274679179E-25
   0.19440   0.106724488414007E-25
   0.19450   0.946190386522950E-26
   0.19460   0.838822125971226E-26
   0.19470   0.743597946611713E-26
   0.19480   0.659148859934700E-26
   0.19490   0.584259669543056E-26
   0.19500   0.517851755730566E-26
   0.19510   0.458967780046469E-26
   0.19520   0.406758096531961E-26
   0.19530   0.360468679920645E-26
   0.19540   0.319430402098834E-26
   0.19550   0.283049506810618E-26
   0.19560   0.250799149218545E-26
   0.19570   0.222211881722348E-26
   0.19580   0.196872980595710E-26
   0.19590   0.174414519704585E-26
   0.19600   0.154510107980738E-26
   0.19610   0.136870216582215E-26
   0.19620   0.121238029906442E-26
   0.19630   0.107385761943583E-26
   0.19640   0.951113859686865E-27
   0.19650   0.842357313604634E-27
   0.19660   0.745999064816745E-27
   0.19670   0.660630111323982E-27
   0.19680   0.585001061555267E-27
   0.19690   0.518004113902199E-27
   0.19700   0.458657063836130E-27
   0.19710   0.406089111281284E-27
   0.19720   0.359528266312415E-27
   0.19730   0.318290173811889E-27
   0.19740   0.281768197777204E-27
   0.19750   0.249424623790602E-27
   0.19760   0.220782853997624E-27
   0.19770   0.195420483011116E-27
   0.19780   0.172963155656706E-27
   0.19790   0.153079118581198E-27
   0.19800   0.135474387609693E-27
   0.19810   0.119888461500292E-27
   0.19820   0.106090520528708E-27
   0.19830   0.938760552479273E-28
   0.19840   0.830638769079276E-28
   0.19850   0.734934664727400E-28
   0.19860   0.650226240141082E-28
   0.19870   0.575253845603922E-28
   0.19880   0.508901702968367E-28
   0.19890   0.450181524028086E-28
   0.19900   0.398217988207211E-28
   0.19910   0.352235869227403E-28
   0.19920   0.311548624128820E-28
   0.19930   0.275548279069583E-28
   0.19940   0.243696465013639E-28
   0.19950   0.215516472998964E-28
   0.19960   0.190586213395752E-28
   0.19970   0.168531976625126E-28
   0.19980   0.149022904398886E-28
   0.19990   0.131766090825508E-28
   0.20000   0.116502241852823E-28
   0.20010   0.103001829614311E-28
   0.20020   0.910616854290359E-29
   0.20030   0.805019815776772E-29
   0.20040   0.711635576301146E-29
   0.20050   0.629055521143977E-29
   0.20060   0.556033047646909E-29
   0.20070   0.491464985306966E-29
   0.20080   0.434375140298057E-29
   0.20090   0.383899722260074E-29
   0.20100   0.339274438711651E-29
   0.20110   0.299823066842183E-29
   0.20120   0.264947334073508E-29
   0.20130   0.234117957964144E-29
   0.20140   0.206866713036536E-29
   0.20150   0.182779407185057E-29
   0.20160   0.161489663689465E-29
   0.20170   0.142673416707093E-29
   0.20180   0.126044038619912E-29
   0.20190   0.111348026922042E-29
   0.20200   0.983611865839714E-30
   0.20210   0.868852511425057E-30
   0.20220   0.767448922455985E-30
   0.20230   0.677850731242574E-30
   0.20240   0.598687065522918E-30
   0.20250   0.528745823637528E-30
   0.20260   0.466955335930380E-30
   0.20270   0.412368138421957E-30
   0.20280   0.364146616157823E-30
   0.20290   0.321550301416681E-30
   0.20300   0.283924636569704E-30
   0.20310   0.250691033181404E-30
   0.20320   0.221338078249568E-30
   0.20330   0.195413755582744E-30
   0.20340   0.172518565458847E-30
   0.20350   0.152299439121292E-30
   0.20360   0.134444356547008E-30
   0.20370   0.118677586438708E-30
   0.20380   0.104755476707196E-30
   0.20390   0.924627319560292E-31
   0.20400   0.816091217817846E-31
   0.20410   0.720265701674271E-31
   0.20420   0.635665819686117E-31
   0.20430   0.560979675587273E-31
   0.20440   0.495048311827048E-31
   0.20450   0.436847925389275E-31
   0.20460   0.385474146218989E-31
   0.20470   0.340128139677431E-31
   0.20480   0.300104321966718E-31
   0.20490   0.264779501819385E-31
   0.20500   0.233603283300256E-31
   0.20510   0.206089583639525E-31
   0.20520   0.181809136891010E-31
   0.20530   0.160382869140861E-31
   0.20540   0.141476044202697E-31
   0.20550   0.124793090422729E-31
   0.20560   0.110073029558243E-31
   0.20570   0.970854378397652E-32
   0.20580   0.856268774184995E-32
   0.20590   0.755177435577076E-32
   0.20600   0.665994792571606E-32
   0.20610   0.587321145988988E-32
   0.20620   0.517920930544195E-32
   0.20630   0.456703513727613E-32
   0.20640   0.402706235418287E-32
   0.20650   0.355079427398988E-32
   0.20660   0.313073182226340E-32
   0.20670   0.276025667684978E-32
   0.20680   0.243352806729916E-32
   0.20690   0.214539163752521E-32
   0.20700   0.189129896510646E-32
   0.20710   0.166723649422968E-32
   0.20720   0.146966278388942E-32
   0.20730   0.129545310079667E-32
   0.20740   0.114185049944236E-32
   0.20750   0.100642263163748E-32
   0.20760   0.887023616124219E-33
   0.20770   0.781760376867039E-33
   0.20780   0.688962927579684E-33
   0.20790   0.607158140972626E-33
   0.20800   0.535046595046746E-33
   0.20810   0.471482136335166E-33
   0.20820   0.415453842032874E-33
   0.20830   0.366070100097227E-33
   0.20840   0.322544559217710E-33
   0.20850   0.284183729546326E-33
   0.20860   0.250376040692492E-33
   0.20870   0.220582186112514E-33
   0.20880   0.194326603010998E-33
   0.20890   0.171189954526064E-33
   0.20900   0.150802496564750E-33
   0.20910   0.132838225428135E-33
   0.20920   0.117009714530281E-33
   0.20930   0.103063559258748E-33
   0.20940   0.907763585116122E-34
   0.20950   0.799511698247578E-34
   0.20960   0.704143824014215E-34
   0.20970   0.620129588889932E-34
   0.20980   0.546120025164525E-34
   0.20990   0.480926112987996E-34
   0.21000   0.423499855115263E-34
   0.21010   0.372917586079867E-34
   0.21020   0.328365252571685E-34
   0.21030   0.289125432732298E-34
   0.21040   0.254565889391514E-34
   0.21050   0.224129476376188E-34
   0.21060   0.197325238300425E-34
   0.21070   0.173720563027188E-34
   0.21080   0.152934262567563E-34
   0.21090   0.134630472812498E-34
   0.21100   0.118513275402637E-34
   0.21110   0.104321956434794E-34
   0.21120   0.918268267575004E-35
   0.21130   0.808255374796198E-35
   0.21140   0.711398321438935E-35
   0.21150   0.626126839243217E-35
   0.21160   0.551057722999993E-35
   0.21170   0.484972590345829E-35
   0.21180   0.426798280336916E-35
   0.21190   0.375589578369326E-35
   0.21200   0.330513991925528E-35
   0.21210   0.290838334187734E-35
   0.21220   0.255916901280849E-35
   0.21230   0.225181054240835E-35
   0.21240   0.198130039149541E-35
   0.21250   0.174322898583800E-35
   0.21260   0.153371344907343E-35
   0.21270   0.134933481262118E-35
   0.21280   0.118708269632686E-35
   0.21290   0.104430657277390E-35
   0.21300   0.918672833309367E-36
   0.21310   0.808126966511102E-36
   0.21320   0.710860241543753E-36
   0.21330   0.625280360902512E-36
   0.21340   0.549985610568969E-36
   0.21350   0.483742091607812E-36
   0.21360   0.425463666606820E-36
   0.21370   0.374194297887998E-36
   0.21380   0.329092492785913E-36
   0.21390   0.289417605110634E-36
   0.21400   0.254517771724791E-36
   0.21410   0.223819289440209E-36
   0.21420   0.196817260600164E-36
   0.21430   0.173067356124563E-36
   0.21440   0.152178562785221E-36
   0.21450   0.133806797331784E-36
   0.21460   0.117649284059987E-36
   0.21470   0.103439604725628E-36
   0.21480   0.909433405560540E-37
   0.21490   0.799542356706122E-37
   0.21500   0.702908196441690E-37
   0.21510   0.617934343691647E-37
   0.21520   0.543216169101888E-37
   0.21530   0.477517958055346E-37
   0.21540   0.419752633452504E-37
   0.21550   0.368963908258542E-37
   0.21560   0.324310577204457E-37
   0.21570   0.285052691720707E-37
   0.21580   0.250539392742841E-37
   0.21590   0.220198202945034E-37
   0.21600   0.193525603666320E-37
   0.21610   0.170078742676125E-37
   0.21620   0.149468137316145E-37
   0.21630   0.131351253752830E-37
   0.21640   0.115426857338337E-37
   0.21650   0.101430041639172E-37
   0.21660   0.891278547531129E-38
   0.21670   0.783154512752806E-38
   0.21680   0.688127068509572E-38
   0.21690   0.604612398045578E-38
   0.21700   0.531217909832481E-38
   0.21710   0.466719188080592E-38
   0.21720   0.410039716793004E-38
   0.21730   0.360233044207523E-38
   0.21740   0.316467094417073E-38
   0.21750   0.278010368124959E-38
   0.21760   0.244219805447398E-38
   0.21770   0.214530110924218E-38
   0.21780   0.188444364884678E-38
   0.21790   0.165525766426342E-38
   0.21800   0.145390371847225E-38
   0.21810   0.127700708725921E-38
   0.21820   0.112160160237696E-38
   0.21830   0.985080269625019E-39
   0.21840   0.865151845884307E-39
   0.21850   0.759802657246188E-39
   0.21860   0.667263026705546E-39
   0.21870   0.585977755852752E-39
   0.21880   0.514580171843614E-39
   0.21890   0.451869309742854E-39
   0.21900   0.396789852085523E-39
   0.21910   0.348414493033501E-39
   0.21920   0.305928434561912E-39
   0.21930   0.268615757353617E-39
   0.21940   0.235847440084994E-39
   0.21950   0.207070828060858E-39
   0.21960   0.181800376151091E-39
   0.21970   0.159609512087479E-39
   0.21980   0.140123484745329E-39
   0.21990   0.123013078365130E-39
   0.22000   0.107989088033243E-39
   0.22010   0.947974643745680E-40
   0.22020   0.832150465215512E-40
   0.22030   0.730458121964009E-40
   0.22040   0.641175823379546E-40
   0.22050   0.562791252627284E-40
   0.22060   0.493976119966033E-40
   0.22070   0.433563802584576E-40
   0.22080   0.380529697167836E-40
   0.22090   0.333973956599176E-40
   0.22100   0.293106321942868E-40
   0.22110   0.257232795792979E-40
   0.22120   0.225743933795758E-40
   0.22130   0.198104558163224E-40
   0.22140   0.173844720742769E-40
   0.22150   0.152551764084437E-40
   0.22160   0.133863347301581E-40
   0.22170   0.117461319654755E-40
   0.22180   0.103066338972214E-40
   0.22190   0.904331444883795E-41
   0.22200   0.793464046404949E-41
   0.22210   0.696170699972671E-41
   0.22220   0.610791699600552E-41
   0.22230   0.535869993193105E-41
   0.22240   0.470126472897990E-41
   0.22250   0.412438273966239E-41
   0.22260   0.361819716363108E-41
   0.22270   0.317405567770992E-41
   0.22280   0.278436345644241E-41
   0.22290   0.244245410263988E-41
   0.22300   0.214247630871048E-41
   0.22310   0.187929433431738E-41
   0.22320   0.164840061855485E-41
   0.22330   0.144583904924690E-41
   0.22340   0.126813759158558E-41
   0.22350   0.111224913612755E-41
   0.22360   0.975499564817693E-42
   0.22370   0.855542155516095E-42
   0.22380   0.750317552519421E-42
   0.22390   0.658018624580665E-42
   0.22400   0.577059614519696E-42
   0.22410   0.506049057067517E-42
   0.22420   0.443766005318987E-42
   0.22430   0.389139162148930E-42
   0.22440   0.341228562121406E-42
   0.22450   0.299209492612347E-42
   0.22460   0.262358380802559E-42
   0.22470   0.230040406518322E-42
   0.22480   0.201698630160321E-42
   0.22490   0.176844450663474E-42
   0.22500   0.155049231001703E-42
   0.22510   0.135936948574237E-42
   0.22520   0.119177745218009E-42
   0.22530   0.104482266877152E-42
   0.22540   0.915966963846461E-43
   0.22550   0.802983945983507E-43
   0.22560   0.703920754840748E-43
   0.22570   0.617064498266485E-43
   0.22580   0.540912802293830E-43
   0.22590   0.474147970687993E-43
   0.22600   0.415614312226991E-43
   0.22610   0.364298247903138E-43
   0.22620   0.319310857647044E-43
   0.22630   0.279872567800327E-43
   0.22640   0.245299717106013E-43
   0.22650   0.214992771064046E-43
   0.22660   0.188425982659673E-43
   0.22670   0.165138322191771E-43
   0.22680   0.144725520626359E-43
   0.22690   0.126833089946843E-43
   0.22700   0.111150200689996E-43
   0.22710   0.974043115298102E-44
   0.22720   0.853564586503662E-44
   0.22730   0.747971239518016E-44
   0.22740   0.655426110539291E-44
   0.22750   0.574318667682224E-44
   0.22760   0.503236933495513E-44
   0.22770   0.440943035443348E-44
   0.22780   0.386351763359148E-44
   0.22790   0.338511764516559E-44
   0.22800   0.296589052272686E-44
   0.22810   0.259852543998684E-44
   0.22820   0.227661378900630E-44
   0.22830   0.199453796944814E-44
   0.22840   0.174737386961380E-44
   0.22850   0.153080535566103E-44
   0.22860   0.134104929216395E-44
   0.22870   0.117478979858066E-44
   0.22880   0.102912060534067E-44
   0.22890   0.901494512888940E-45
   0.22900   0.789679079509838E-45
   0.22910   0.691717771207922E-45
   0.22920   0.605895901186107E-45
   0.22930   0.530710769147193E-45
   0.22940   0.464845483180591E-45
   0.22950   0.407146010618530E-45
   0.22960   0.356601060053485E-45
   0.22970   0.312324445659847E-45
   0.22980   0.273539627896243E-45
   0.22990   0.239566162322184E-45
   0.23000   0.209807821290330E-45
   0.23010   0.183742182241463E-45
   0.23020   0.160911501733547E-45
   0.23030   0.140914716614974E-45
   0.23040   0.123400433290344E-45
   0.23050   0.108060783161124E-45
   0.23060   0.946260373486066E-46
   0.23070   0.828598869826411E-46
   0.23080   0.725553068930639E-46
   0.23090   0.635309306717968E-46
   0.23100   0.556278739570333E-46
   0.23110   0.487069505798279E-46
   0.23120   0.426462330430584E-46
   0.23130   0.373389147905817E-46
   0.23140   0.326914369744653E-46
   0.23150   0.286218470310485E-46
   0.23160   0.250583604119787E-46
   0.23170   0.219381003542723E-46
   0.23180   0.192059936749385E-46
   0.23190   0.168138032946987E-46
   0.23200   0.147192805789335E-46
   0.23210   0.128854226733699E-46
   0.23220   0.112798218436970E-46
   0.23230   0.987409543378567E-47
   0.23240   0.864338646454057E-47
   0.23250   0.756592612898599E-47
   0.23260   0.662265052041990E-47
   0.23270   0.579686487817838E-47
   0.23280   0.507394946617406E-47
   0.23290   0.444110192738258E-47
   0.23300   0.388711159549906E-47
   0.23310   0.340216180417081E-47
   0.23320   0.297765672429112E-47
   0.23330   0.260606968931455E-47
   0.23340   0.228081034493141E-47
   0.23350   0.199610828927617E-47
   0.23360   0.174691115887061E-47
   0.23370   0.152879536878700E-47
   0.23380   0.133788793745394E-47
   0.23390   0.117079802100358E-47
   0.23400   0.102455695246616E-47
   0.23410   0.896565730427213E-48
   0.23420   0.784549032591486E-48
   0.23430   0.686514944321387E-48
   0.23440   0.600719692649178E-48
   0.23450   0.525636764253154E-48
   0.23460   0.459929862976327E-48
   0.23470   0.402429230005801E-48
   0.23480   0.352110908998596E-48
   0.23490   0.308078590275253E-48
   0.23500   0.269547713612282E-48
   0.23510   0.235831548943790E-48
   0.23520   0.206329009130228E-48
   0.23530   0.180513979477321E-48
   0.23540   0.157925975427338E-48
   0.23550   0.138161963267258E-48
   0.23560   0.120869199213919E-48
   0.23570   0.105738960206432E-48
   0.23580   0.925010554761633E-49
   0.23590   0.809190217501112E-49
   0.23600   0.707859170184212E-49
   0.23610   0.619206383717288E-49
   0.23620   0.541646986760418E-49
   0.23630   0.473794049644534E-49
   0.23640   0.414433885288418E-49
   0.23650   0.362504429160908E-49
   0.23660   0.317076314815984E-49
   0.23670   0.277336309240150E-49
   0.23680   0.242572814033267E-49
   0.23690   0.212163175030803E-49
   0.23700   0.185562575014404E-49
   0.23710   0.162294312211962E-49
   0.23720   0.141941291853473E-49
   0.23730   0.124138579559385E-49
   0.23740   0.108566884171447E-49
   0.23750   0.949468541270943E-50
   0.23760   0.830340859166826E-50
   0.23770   0.726147558045085E-50
   0.23780   0.635017970625889E-50
   0.23790   0.555315546561877E-50
   0.23800   0.485608578038374E-50
   0.23810   0.424644582616347E-50
   0.23820   0.371327886838186E-50
   0.23830   0.324700011039122E-50
   0.23840   0.283922505637126E-50
   0.23850   0.248261932797396E-50
   0.23860   0.217076725553279E-50
   0.23870   0.189805689892680E-50
   0.23880   0.165957944579724E-50
   0.23890   0.145104119093831E-50
   0.23900   0.126868652487881E-50
   0.23910   0.110923055590563E-50
   0.23920   0.969800161541964E-51
   0.23930   0.847882415832806E-51
   0.23940   0.741279470369077E-51
   0.23950   0.648069082151488E-51
   0.23960   0.566570082187295E-51
   0.23970   0.495312166928880E-51
   0.23980   0.433009471868915E-51
   0.23990   0.378537454172273E-51
   0.24000   0.330912670356617E-51
   0.24010   0.289275086780926E-51
   0.24020   0.252872605986018E-51
   0.24030   0.221047531560497E-51
   0.24040   0.193224728883508E-51
   0.24050   0.168901269442393E-51
   0.24060   0.147637372977124E-51
   0.24070   0.129048484939547E-51
   0.24080   0.112798347087398E-51
   0.24090   0.985929368232073E-52
   0.24100   0.861751664547320E-52
   0.24110   0.753202471734788E-52
   0.24120   0.658316344648261E-52
   0.24130   0.575374820897998E-52
   0.24140   0.502875409009144E-52
   0.24150   0.439504467357124E-52
   0.24160   0.384113486143609E-52
   0.24170   0.335698345765397E-52
   0.24180   0.293381178374295E-52
   0.24190   0.256394506180679E-52
   0.24200   0.224067370956817E-52
   0.24210   0.195813204978646E-52
   0.24220   0.171119224946226E-52
   0.24230   0.149537157806163E-52
   0.24240   0.130675131352080E-52
   0.24250   0.114190583432301E-52
   0.24260   0.997840619222305E-53
   0.24270   0.871938036507269E-53
   0.24280   0.761909944931544E-53
   0.24290   0.665756251095852E-53
   0.24300   0.581728675352295E-53
   0.24310   0.508299072141529E-53
   0.24320   0.444131732745847E-53
   0.24330   0.388059170227964E-53
   0.24340   0.339060949107633E-53
   0.24350   0.296245177238112E-53
   0.24360   0.258832325368722E-53
   0.24370   0.226141081877918E-53
   0.24380   0.197575986892605E-53
   0.24390   0.172616622131162E-53
   0.24400   0.150808160898924E-53
   0.24410   0.131753107231250E-53
   0.24420   0.115104074661497E-53
   0.24430   0.100557473877898E-53
   0.24440   0.878479949605362E-54
   0.24450   0.767437842549612E-54
   0.24460   0.670422285002856E-54
   0.24470   0.585662698132590E-54
   0.24480   0.511611847341836E-54
   0.24490   0.446917689382744E-54
   0.24500   0.390398765588876E-54
   0.24510   0.341022694893418E-54
   0.24520   0.297887376434770E-54
   0.24530   0.260204560632092E-54
   0.24540   0.227285490524665E-54
   0.24550   0.198528352686660E-54
   0.24560   0.173407309830607E-54
   0.24570   0.151462915889195E-54
   0.24580   0.132293739437017E-54
   0.24590   0.115549043231825E-54
   0.24600   0.100922386816433E-54
   0.24610   0.881460358741004E-55
   0.24620   0.769860766740789E-55
   0.24630   0.672381467457029E-55
   0.24640   0.587237041103582E-55
   0.24650   0.512867671831061E-55
   0.24660   0.447910660073346E-55
   0.24670   0.391175529606634E-55
   0.24680   0.341622276045158E-55
   0.24690   0.298342360612084E-55
   0.24700   0.260542102946386E-55
   0.24710   0.227528170344686E-55
   0.24720   0.198694898976715E-55
   0.24730   0.173513215951182E-55
   0.24740   0.151520960246430E-55
   0.24750   0.132314425987312E-55
   0.24760   0.115540973808506E-55
   0.24770   0.100892575497947E-55
   0.24780   0.881001741164964E-56
   0.24790   0.769287566493227E-56
   0.24800   0.671730492308230E-56
   0.24810   0.586537563344689E-56
   0.24820   0.512142752372974E-56
   0.24830   0.447178257368204E-56
   0.24840   0.390449426730323E-56
   0.24850   0.340912854277736E-56
   0.24860   0.297657243585259E-56
   0.24870   0.259886691786745E-56
   0.24880   0.226906087136597E-56
   0.24890   0.198108353224773E-56
   0.24900   0.172963306469269E-56
   0.24910   0.151007922984082E-56
   0.24920   0.131837836673835E-56
   0.24930   0.115099912909719E-56
   0.24940   0.100485761804069E-56
   0.24950   0.877260722809653E-57
   0.24960   0.765856631519360E-57
   0.24970   0.668591605211993E-57
   0.24980   0.583672223046927E-57
   0.24990   0.509532406593228E-57
   0.25000   0.444804618664353E-57
   0.25010   0.388294708563368E-57
   0.25020   0.338959942376516E-57
   0.25030   0.295889815289580E-57
   0.25040   0.258289293865180E-57
   0.25050   0.225464180743000E-57
   0.25060   0.196808333122052E-57
   0.25070   0.171792500364535E-57
   0.25080   0.149954575745820E-57
   0.25090   0.130891083308015E-57
   0.25100   0.114249743427621E-57
   0.25110   0.997229804977737E-58
   0.25120   0.870422534118794E-58
   0.25130   0.759731046363926E-58
   0.25140   0.663108368509603E-58
   0.25150   0.578767376564206E-58
   0.25160   0.505147829156170E-58
   0.25170   0.440887580832520E-58
   0.25180   0.384797445597724E-58
   0.25190   0.335839248116097E-58
   0.25200   0.293106658582705E-58
   0.25210   0.255808458438270E-58
   0.25220   0.223253928794811E-58
   0.25230   0.194840092473561E-58
   0.25240   0.170040574649712E-58
   0.25250   0.148395876874509E-58
   0.25260   0.129504885251138E-58
   0.25270   0.113017456253490E-58
   0.25280   0.986279435125364E-59
   0.25290   0.860695462192887E-59
   0.25300   0.751093749219109E-59
   0.25310   0.655441437074367E-59
   0.25320   0.571964092971948E-59
   0.25330   0.499112876614927E-59
   0.25340   0.435535875589287E-59
   0.25350   0.380053080901951E-59
   0.25360   0.331634540668509E-59
   0.25370   0.289381288555108E-59
   0.25380   0.252508694750576E-59
   0.25390   0.220331931929832E-59
   0.25400   0.192253287687792E-59
   0.25410   0.167751088994725E-59
   0.25420   0.146370033975122E-59
   0.25430   0.127712752289508E-59
   0.25440   0.111432438081887E-59
   0.25450   0.972264192613207E-60
   0.25460   0.848305441793349E-60
   0.25470   0.740142818645132E-60
   0.25480   0.645764451589923E-60
   0.25490   0.563414576127111E-60
   0.25500   0.491560950411031E-60
   0.25510   0.428866414266499E-60
   0.25520   0.374164065057418E-60
   0.25530   0.326435590706911E-60
   0.25540   0.284792358563129E-60
   0.25550   0.248458909785556E-60
   0.25560   0.216758553435391E-60
   0.25570   0.189100793310390E-60
   0.25580   0.164970354486976E-60
   0.25590   0.143917606147417E-60
   0.25600   0.125550203122663E-60
   0.25610   0.109525791150946E-60
   0.25620   0.955456405548580E-61
   0.25630   0.833490902387502E-61
   0.25640   0.727086989226004E-61
   0.25650   0.634260136350125E-61
   0.25660   0.553278769289211E-61
   0.25670   0.482632042706928E-61
   0.25680   0.421001717709591E-61
   0.25690   0.367237620353538E-61
   0.25700   0.320336225556074E-61
   0.25710   0.279421968593969E-61
   0.25720   0.243730936983530E-61
   0.25730   0.212596639708161E-61
   0.25740   0.185437589317458E-61
   0.25750   0.161746466074950E-61
   0.25760   0.141080662705498E-61
   0.25770   0.123054033931096E-61
   0.25780   0.107329697360300E-61
   0.25790   0.936137518270863E-62
   0.25800   0.816497963201259E-62
   0.25810   0.712141475205667E-62
   0.25820   0.621116669504923E-62
   0.25830   0.541721200658361E-62
   0.25840   0.472469995174009E-62
   0.25850   0.412067534346463E-62
   0.25860   0.359383671194552E-62
   0.25870   0.313432531108053E-62
   0.25880   0.273354103181485E-62
   0.25890   0.238398179278231E-62
   0.25900   0.207910341559944E-62
   0.25910   0.181319737343059E-62
   0.25920   0.158128413418129E-62
   0.25930   0.137902011002353E-62
   0.25940   0.120261647833834E-62
   0.25950   0.104876836026204E-62
   0.25960   0.914593035965038E-63
   0.25970   0.797576044151817E-63
   0.25980   0.695524160186451E-63
   0.25990   0.606524375440382E-63
   0.26000   0.528908112323742E-63
   0.26010   0.461220007064917E-63
   0.26020   0.402190677474456E-63
   0.26030   0.350712967241389E-63
   0.26040   0.305821223153240E-63
   0.26050   0.266673218207975E-63
   0.26060   0.232534382951019E-63
   0.26070   0.202764050442391E-63
   0.26080   0.176803457839334E-63
   0.26090   0.154165280368426E-63
   0.26100   0.134424502069439E-63
   0.26110   0.117210452652192E-63
   0.26120   0.102199861584922E-63
   0.26130   0.891107995312599E-64
   0.26140   0.776973938290971E-64
   0.26150   0.677452191658344E-64
   0.26160   0.590672772211936E-64
   0.26170   0.515004900557524E-64
   0.26180   0.449026416260151E-64
   0.26190   0.391497101841685E-64
   0.26200   0.341335416291936E-64
   0.26210   0.297598202515542E-64
   0.26220   0.259462988758964E-64
   0.26230   0.226212552582160E-64
   0.26240   0.197221458268026E-64
   0.26250   0.171944315487513E-64
   0.26260   0.149905539249242E-64
   0.26270   0.130690419261140E-64
   0.26280   0.113937331342823E-64
   0.26290   0.993309449084093E-65
   0.26300   0.865962991911951E-65
   0.26310   0.754936371499289E-65
   0.26320   0.658139001887051E-65
   0.26330   0.573747992006866E-65
   0.26340   0.500173882439303E-65
   0.26350   0.436030765758131E-65
   0.26360   0.380110229877969E-65
   0.26370   0.331358635479158E-65
   0.26380   0.288857301084688E-65
   0.26390   0.251805223878852E-65
   0.26400   0.219504011906887E-65
   0.26410   0.191344744766589E-65
   0.26420   0.166796516075403E-65
   0.26430   0.145396442545950E-65
   0.26440   0.126740952018917E-65
   0.26450   0.110478186801776E-65
   0.26460   0.963013795929615E-66
   0.26470   0.839430775263243E-66
   0.26480   0.731701057921537E-66
   0.26490   0.637791761764381E-66
   0.26500   0.555930579703364E-66
   0.26510   0.484572392630393E-66
   0.26520   0.422370158420609E-66
   0.26530   0.368149529578246E-66
   0.26540   0.320886722146237E-66
   0.26550   0.279689219594264E-66
   0.26560   0.243778948676977E-66
   0.26570   0.212477610716676E-66
   0.26580   0.185193892282457E-66
   0.26590   0.161412314571381E-66
   0.26600   0.140683511610519E-66
   0.26610   0.122615754268118E-66
   0.26620   0.106867560493692E-66
   0.26630   0.931412526396704E-67
   0.26640   0.811773405346147E-67
   0.26650   0.707496245151375E-67
   0.26660   0.616609261719580E-67
   0.26670   0.537393663794499E-67
   0.26680   0.468351204796124E-67
   0.26690   0.408175894740050E-67
   0.26700   0.355729339099156E-67
   0.26710   0.310019239765915E-67
   0.26720   0.270180652825318E-67
   0.26730   0.235459649774598E-67
   0.26740   0.205199074100315E-67
   0.26750   0.178826124600967E-67
   0.26760   0.155841531263645E-67
   0.26770   0.135810119514906E-67
   0.26780   0.118352584833362E-67
   0.26790   0.103138322526374E-67
   0.26800   0.898791773656624E-68
   0.26810   0.783239951199557E-68
   0.26820   0.682538731441317E-68
   0.26830   0.594780203682640E-68
   0.26840   0.518301485240505E-68
   0.26850   0.451653264674957E-68
   0.26860   0.393572381937036E-68
   0.26870   0.342957927567411E-68
   0.26880   0.298850409484399E-68
   0.26890   0.260413593794832E-68
   0.26900   0.226918676537188E-68
   0.26910   0.197730487268230E-68
   0.26920   0.172295463767352E-68
   0.26930   0.150131170576376E-68
   0.26940   0.130817163247442E-68
   0.26950   0.113987025588860E-68
   0.26960   0.993214293560699E-69
   0.26970   0.865420851509410E-69
   0.26980   0.754064701311246E-69
   0.26990   0.657032328103450E-69
   0.27000   0.572481880264500E-69
   0.27010   0.498808263090716E-69
   0.27020   0.434612716022753E-69
   0.27030   0.378676297742409E-69
   0.27040   0.329936777347217E-69
   0.27050   0.287468494220202E-69
   0.27060   0.250464805356659E-69
   0.27070   0.218222787850057E-69
   0.27080   0.190129906899411E-69
   0.27090   0.165652396886050E-69
   0.27100   0.144325135480569E-69
   0.27110   0.125742818994468E-69
   0.27120   0.109552271816943E-69
   0.27130   0.954457442436469E-70
   0.27140   0.831550717139133E-70
   0.27150   0.724465847814809E-70
   0.27160   0.631166733582107E-70
   0.27170   0.549879211599199E-70
   0.27180   0.479057370823659E-70
   0.27190   0.417354196475297E-70
   0.27200   0.363595988640118E-70
   0.27210   0.316760069955853E-70
   0.27220   0.275955359636738E-70
   0.27230   0.240405445411954E-70
   0.27240   0.209433832290532E-70
   0.27250   0.182451088324509E-70
   0.27260   0.158943643501109E-70
   0.27270   0.138464029234469E-70
   0.27280   0.120622373241131E-70
   0.27290   0.105078988388239E-70
   0.27300   0.915379148495456E-71
   0.27310   0.797412929852525E-71
   0.27320   0.694644601187943E-71
   0.27330   0.605116781167495E-71
   0.27340   0.527124106456125E-71
   0.27350   0.459180794092424E-71
   0.27360   0.399992377602293E-71
   0.27370   0.348431079995636E-71
   0.27380   0.303514355821608E-71
   0.27390   0.264386194615224E-71
   0.27400   0.230300830492371E-71
   0.27410   0.200608548336603E-71
   0.27420   0.174743316831909E-71
   0.27430   0.152212013290206E-71
   0.27440   0.132585035454609E-71
   0.27450   0.115488121805512E-71
   0.27460   0.100595224854256E-71
   0.27470   0.876223019150269E-72
   0.27480   0.763219052785699E-72
   0.27490   0.664784689024474E-72
   0.27500   0.579042019697633E-72
   0.27510   0.504355112031635E-72
   0.27520   0.439298838719562E-72
   0.27530   0.382631721883357E-72
   0.27540   0.333272274205149E-72
   0.27550   0.290278387001183E-72
   0.27560   0.252829372957367E-72
   0.27570   0.220210321732880E-72
   0.27580   0.191798470631192E-72
   0.27590   0.167051330869915E-72
   0.27600   0.145496343380223E-72
   0.27610   0.126721867169035E-72
   0.27620   0.110369328633116E-72
   0.27630   0.961263823079825E-73
   0.27640   0.837209527847815E-73
   0.27650   0.729160443002435E-73
   0.27660   0.635052191186855E-73
   0.27670   0.553086585574902E-73
   0.27680   0.481697316010607E-73
   0.27690   0.419520057136302E-73
   0.27700   0.365366428824872E-73
   0.27710   0.318201312602100E-73
   0.27720   0.277123091667482E-73
   0.27730   0.241346437815198E-73
   0.27740   0.210187317079083E-73
   0.27750   0.183049928198547E-73
   0.27760   0.159415324832787E-73
   0.27770   0.138831504537468E-73
   0.27780   0.120904775472776E-73
   0.27790   0.105292236166026E-73
   0.27800   0.916952248694751E-74
   0.27810   0.798536135387884E-74
   0.27820   0.695408375610611E-74
   0.27830   0.605595663905208E-74
   0.27840   0.527379324721810E-74
   0.27850   0.459262464808763E-74
   0.27860   0.399941361790171E-74
   0.27870   0.348280542768409E-74
   0.27880   0.303291077185169E-74
   0.27890   0.264111669498255E-74
   0.27900   0.229992190653168E-74
   0.27910   0.200279333867477E-74
   0.27920   0.174404120785723E-74
   0.27930   0.151871019379109E-74
   0.27940   0.132248465728930E-74
   0.27950   0.115160608631739E-74
   0.27960   0.100280119309721E-74
   0.27970   0.873219288457093E-75
   0.27980   0.760377736770177E-75
   0.27990   0.662114449133594E-75
   0.28000   0.576546506859252E-75
   0.28010   0.502034124436847E-75
   0.28020   0.437149263122365E-75
   0.28030   0.380648295147993E-75
   0.28040   0.331448195939409E-75
   0.28050   0.288605809133354E-75
   0.28060   0.251299787907302E-75
   0.28070   0.218814867277683E-75
   0.28080   0.190528166572954E-75
   0.28090   0.165897260092098E-75
   0.28100   0.144449787759094E-75
   0.28110   0.125774407023981E-75
   0.28120   0.109512912904775E-75
   0.28130   0.953533753994516E-76
   0.28140   0.830241629522423E-76
   0.28150   0.722887376028796E-76
   0.28160   0.629411222066019E-76
   0.28170   0.548019529675499E-76
   0.28180   0.477150417246308E-76
   0.28190   0.415443821808609E-76
   0.28200   0.361715427607787E-76
   0.28210   0.314933961782627E-76
   0.28220   0.274201422403371E-76
   0.28230   0.238735860241080E-76
   0.28240   0.207856384516823E-76
   0.28250   0.180970105446410E-76
   0.28260   0.157560763471250E-76
   0.28270   0.137178827355307E-76
   0.28280   0.119432871450249E-76
   0.28290   0.103982066923070E-76
   0.28300   0.905296430714185E-77
   0.28310   0.788171934291782E-77
   0.28320   0.686197175443411E-77
   0.28330   0.597413034016074E-77
   0.28340   0.520113677340531E-77
   0.28350   0.452813821552386E-77
   0.28360   0.394220223507227E-77
   0.28370   0.343206856737087E-77
   0.28380   0.298793295486026E-77
   0.28390   0.260125892339957E-77
   0.28400   0.226461388503562E-77
   0.28410   0.197152642401084E-77
   0.28420   0.171636202882290E-77
   0.28430   0.149421488673390E-77
   0.28440   0.130081366506709E-77
   0.28450   0.113243947178331E-77
   0.28460   0.985854421356428E-78
   0.28470   0.858239435328123E-78
   0.28480   0.747140084015639E-78
   0.28490   0.650419430064180E-78
   0.28500   0.566216968831583E-78
   0.28510   0.492912877539215E-78
   0.28520   0.429096886963416E-78
   0.28530   0.373541178121552E-78
   0.28540   0.325176783633105E-78
   0.28550   0.283073040681438E-78
   0.28560   0.246419701059985E-78
   0.28570   0.214511354778268E-78
   0.28580   0.186733868105096E-78
   0.28590   0.162552575590963E-78
   0.28600   0.141501999279639E-78
   0.28610   0.123176897635666E-78
   0.28620   0.107224472243253E-78
   0.28630   0.933375825598620E-79
   0.28640   0.812488383645820E-79
   0.28650   0.707254563947030E-79
   0.28660   0.615647823397625E-79
   0.28670   0.535903921408083E-79
   0.28680   0.466486976693131E-79
   0.28690   0.406059915485876E-79
   0.28700   0.353458743163830E-79
   0.28710   0.307670144726553E-79
   0.28720   0.267811983522287E-79
   0.28730   0.233116323307366E-79
   0.28740   0.202914647210447E-79
   0.28750   0.176624989391911E-79
   0.28760   0.153740731947725E-79
   0.28770   0.133820851613157E-79
   0.28780   0.116481428689056E-79
   0.28790   0.101388254876728E-79
   0.28800   0.882503978333079E-80
   0.28810   0.768145986529506E-80
   0.28820   0.668603944940666E-80
   0.28830   0.581958725161829E-80
   0.28840   0.506539734299669E-80
   0.28850   0.440892735339303E-80
   0.28860   0.383751833136584E-80
   0.28870   0.334015086917952E-80
   0.28880   0.290723279926507E-80
   0.28890   0.253041437587138E-80
   0.28900   0.220242738440069E-80
   0.28910   0.191694508127593E-80
   0.28920   0.166846026799624E-80
   0.28930   0.145217915197303E-80
   0.28940   0.126392895053858E-80
   0.28950   0.110007745900880E-80
   0.28960   0.957463033944167E-81
   0.28970   0.833333643224543E-81
   0.28980   0.725293809080713E-81
   0.28990   0.631258422169471E-81
   0.29000   0.549412537058733E-81
   0.29010   0.478176374650258E-81
   0.29020   0.416174857325186E-81
   0.29030   0.362211089878342E-81
   0.29040   0.315243275291729E-81
   0.29050   0.274364620548962E-81
   0.29060   0.238785845278023E-81
   0.29070   0.207819956144785E-81
   0.29080   0.180868993562819E-81
   0.29090   0.157412495279560E-81
   0.29100   0.136997454474691E-81
   0.29110   0.119229578800097E-81
   0.29120   0.103765681857567E-81
   0.29130   0.903070604306212E-82
   0.29140   0.785937297829612E-82
   0.29150   0.683994058724722E-82
   0.29160   0.595271377245616E-82
   0.29170   0.518055057401515E-82
   0.29180   0.450853126221603E-82
   0.29190   0.392367031004146E-82
   0.29200   0.341466569013316E-82
   0.29210   0.297168066044704E-82
   0.29220   0.258615382922327E-82
   0.29230   0.225063383515978E-82
   0.29240   0.195863545333909E-82
   0.29250   0.170451435064280E-82
   0.29260   0.148335807404891E-82
   0.29270   0.129089116829097E-82
   0.29280   0.112339259188524E-82
   0.29290   0.977623837759645E-83
   0.29300   0.850766371215402E-83
   0.29310   0.740367177701492E-83
   0.29320   0.644291369343346E-83
   0.29330   0.560680935363032E-83
   0.29340   0.487918840074672E-83
   0.29350   0.424597775332686E-83
   0.29360   0.369492964129410E-83
   0.29370   0.321538490223522E-83
   0.29380   0.279806696734634E-83
   0.29390   0.243490255874629E-83
   0.29400   0.211886563547433E-83
   0.29410   0.184384157427984E-83
   0.29420   0.160450896194523E-83
   0.29430   0.139623671590763E-83
   0.29440   0.121499454588697E-83
   0.29450   0.105727502683657E-83
   0.29460   0.920025777740979E-84
   0.29470   0.800590435944604E-84
   0.29480   0.696657286556416E-84
   0.29490   0.606214554322847E-84
   0.29500   0.527511494045072E-84
   0.29510   0.459024527620723E-84
   0.29520   0.399427773276169E-84
   0.29530   0.347567397405756E-84
   0.29540   0.302439293283324E-84
   0.29550   0.263169655190363E-84
   0.29560   0.228998072448313E-84
   0.29570   0.199262816534774E-84
   0.29580   0.173388036842887E-84
   0.29590   0.150872617527861E-84
   0.29600   0.131280479987359E-84
   0.29610   0.114232143463187E-84
   0.29620   0.993973805690418E-85
   0.29630   0.864888257145249E-85
   0.29640   0.752564128150063E-85
   0.29650   0.654825347096633E-85
   0.29660   0.569778306622798E-85
   0.29670   0.495775204632696E-85
   0.29680   0.431382142200317E-85
   0.29690   0.375351361209615E-85
   0.29700   0.326597084637400E-85
   0.29710   0.284174492055609E-85
   0.29720   0.247261423564427E-85
   0.29730   0.215142458139064E-85
   0.29740   0.187195058298060E-85
   0.29750   0.162877512971208E-85
   0.29760   0.141718445229716E-85
   0.29770   0.123307681814227E-85
   0.29780   0.107288307742422E-85
   0.29790   0.933497522063320E-86
   0.29800   0.812217719236048E-86
   0.29810   0.706692154725372E-86
   0.29820   0.614874672533464E-86
   0.29830   0.534984828703336E-86
   0.29840   0.465473391753009E-86
   0.29850   0.404992321733700E-86
   0.29860   0.352368646609341E-86
   0.29870   0.306581730090676E-86
   0.29880   0.266743490707800E-86
   0.29890   0.232081189035361E-86
   0.29900   0.201922449703238E-86
   0.29910   0.175682228091828E-86
   0.29920   0.152851469262855E-86
   0.29930   0.132987239443438E-86
   0.29940   0.115704138894415E-86
   0.29950   0.100666829807929E-86
   0.29960   0.875835344726481E-87
   0.29970   0.762003777357948E-87
   0.29980   0.662964641434852E-87
   0.29990   0.576795943706980E-87
   0.30000   0.501825379351776E-87
   0.30010   0.436597899653316E-87
